121 8
163 6
211 9
442 5
358 1
434 2
229 5
492 4
300 3
159 4
51 4
353 1
73 8
306 9
459 4
352 6
409 9
422 1
337 1
50 5
293 7
167 4
67 1
259 5
408 6
116 5
135 2
266 4
218 9
472 6
414 10
185 8
333 6
119 4
66 4
234 1
437 7
7 7
373 1
311 5
361 5
398 4
9 9
36 4
191 2
204 7
158 4
230 2
23 1
321 9
4 9
193 6
428 3
258 4
390 9
445 9
35 1
308 2
55 9
18 4
101 9
287 3
197 8
114 5
297 9
332 5
120 10
90 2
200 9
330 4
457 10
148 10
351 2
127 7
124 7
294 6
232 3
15 10
145 9
452 5
365 5
174 9
265 5
248 6
78 3
238 7
468 8
298 5
242 3
68 7
463 2
109 1
477 10
56 3
478 8
81 6
335 10
178 6
338 2
187 1
164 9
368 3
132 6
440 9
89 8
5 10
255 7
212 2
382 10
220 10
488 1
2 5
444 4
30 2
221 10
34 8
199 8
251 2
262 10
20 1
224 1
343 6
377 4
59 2
112 10
366 3
280 4
17 4
310 7
180 2
257 10
334 5
267 5
312 5
348 10
439 3
106 4
471 6
162 6
324 1
455 5
461 3
328 7
147 9
378 1
226 8
359 8
235 1
292 10
79 7
31 4
75 8
44 9
402 8
196 9
464 4
379 1
425 7
87 8
139 9
362 6
181 1
57 8
144 10
370 5
244 5
62 6
208 6
467 6
219 8
450 9
179 6
246 3
210 4
186 10
426 4
253 3
417 1
289 10
173 2
396 7
354 8
37 5
40 8
108 2
47 2
60 8
64 2
168 5
155 9
420 2
190 6
465 2
256 2
61 3
205 9
276 7
143 4
241 6
156 3
247 1
473 3
427 3
107 6
500 1
389 10
136 10
153 4
189 6
227 10
323 1
431 10
482 2
32 10
138 8
299 2
344 10
438 4
499 10
96 2
384 2
225 10
481 9
243 1
83 4
498 8
483 1
432 2
161 5
474 3
14 9
322 6
19 10
43 5
104 10
305 2
307 5
95 5
347 5
85 2
394 7
313 8
123 5
494 2
320 7
418 4
345 7
38 8
166 7
424 9
52 5
249 1
46 2
479 2
423 9
203 7
273 10
268 9
49 10
355 6
240 4
350 3
133 9
485 10
403 9
282 7
369 8
270 5
405 10
53 9
429 5
261 6
99 9
146 1
446 5
460 7
26 8
141 10
410 6
71 2
171 6
209 9
296 4
117 6
183 2
113 10
454 6
97 2
371 4
407 1
41 6
80 1
21 2
233 8
271 6
16 2
480 1
91 2
356 2
319 2
157 2
182 5
339 6
228 9
346 5
176 6
1 2
441 4
381 1
169 10
470 1
214 4
363 2
416 4
58 10
443 2
245 10
216 2
413 9
387 7
340 6
63 7
6 6
360 8
207 5
140 7
154 3
45 10
269 1
8 6
125 3
279 8
392 6
54 2
98 5
342 1
252 2
406 2
412 1
448 2
458 8
223 3
283 7
264 8
495 1
94 2
331 4
400 1
326 2
375 2
491 4
374 5
115 1
250 10
278 3
184 10
419 4
27 10
172 6
195 10
401 4
303 3
222 8
118 4
122 9
336 2
309 10
65 7
493 2
497 9
