185 3
47 10
484 6
277 10
333 9
253 9
490 9
461 5
269 7
455 4
428 10
362 1
204 6
439 3
194 9
268 9
128 6
41 5
172 1
241 10
95 3
259 4
495 2
479 2
197 8
170 9
39 9
131 10
227 4
264 10
357 8
129 10
168 9
500 4
92 4
245 4
380 4
209 8
104 9
414 1
398 1
313 3
85 5
98 8
424 7
304 9
281 9
15 4
336 7
486 1
341 2
290 5
153 4
459 6
29 1
255 5
240 2
262 8
9 8
468 3
285 2
198 3
291 5
22 8
344 9
25 9
454 5
213 2
200 5
477 3
30 6
183 7
266 10
425 5
71 8
12 10
413 5
429 1
174 2
323 5
475 1
152 1
469 5
238 1
299 3
434 10
270 8
404 9
102 7
244 2
393 2
44 10
63 6
403 5
78 7
278 9
1 5
248 10
256 10
140 8
467 3
20 10
337 7
105 3
27 5
365 1
282 5
471 3
395 7
340 7
60 7
64 6
274 7
74 6
221 5
435 5
347 4
302 4
318 7
329 9
184 4
332 2
157 10
206 7
426 5
496 6
430 8
175 7
267 4
24 9
82 4
353 5
416 10
410 5
464 5
334 9
49 3
485 8
451 8
392 2
119 7
133 3
116 8
447 2
99 1
465 10
97 4
498 8
418 8
377 9
442 7
164 5
311 2
59 1
230 6
211 3
419 9
115 10
499 2
158 2
345 9
242 9
189 2
314 8
42 6
307 1
320 6
303 4
275 10
190 4
54 2
372 4
385 9
411 9
417 6
297 1
293 4
494 8
61 3
422 9
288 5
330 5
28 4
176 10
354 3
6 10
32 10
55 7
237 6
177 2
100 2
107 10
286 2
361 8
491 7
456 8
154 5
367 5
173 10
309 4
260 5
250 7
33 8
497 4
358 10
373 8
476 7
66 3
126 7
273 3
147 1
160 6
216 7
150 1
249 6
460 8
179 2
62 9
312 5
371 2
315 7
339 2
122 4
391 5
94 10
151 10
203 7
382 7
375 5
438 9
114 7
452 4
319 5
80 8
247 2
388 10
462 8
86 2
355 9
423 4
23 9
130 1
402 4
214 4
257 5
407 2
8 7
431 9
378 1
137 4
296 10
156 3
93 8
409 4
444 10
222 1
205 8
67 5
243 10
326 1
148 4
73 1
212 10
350 2
202 10
65 6
321 7
349 4
142 6
401 3
181 7
400 4
166 7
7 5
56 1
16 1
109 9
106 10
143 2
232 9
96 10
155 7
366 7
14 3
70 3
77 5
263 7
360 4
76 3
397 5
79 1
457 7
231 6
488 4
359 3
146 8
265 3
306 8
283 10
432 7
322 1
127 3
453 1
83 1
224 3
2 1
50 9
117 2
43 10
251 9
470 6
482 5
201 9
389 8
199 1
450 2
162 8
261 6
180 3
87 8
386 10
191 2
390 8
376 10
208 10
298 8
276 10
171 6
381 8
46 10
440 4
328 8
369 7
408 4
399 9
338 6
84 10
300 8
57 3
427 1
210 7
280 5
11 10
136 2
103 4
466 9
110 3
186 7
352 1
363 1
