289 6
15 5
34 7
445 5
119 2
41 1
471 1
452 10
344 9
266 4
270 8
59 2
285 1
90 3
426 6
136 2
431 8
276 3
498 4
489 2
350 5
346 7
378 8
363 4
303 2
162 9
262 1
129 3
232 1
414 6
487 7
464 2
312 8
101 8
219 10
294 9
319 4
362 3
214 2
451 8
242 5
86 4
173 6
305 9
158 1
255 2
195 1
149 10
405 1
237 10
104 6
2 4
247 3
206 1
14 7
388 1
387 9
203 9
155 5
304 10
357 5
281 8
201 10
168 9
142 3
323 10
253 3
383 3
298 5
377 1
308 9
29 10
125 4
18 5
19 6
38 1
283 3
67 9
122 9
499 2
293 2
166 10
265 5
493 1
71 5
223 10
376 7
204 7
442 2
23 9
258 2
393 10
213 10
267 3
141 1
165 8
209 6
174 3
94 6
43 2
181 1
370 3
52 4
330 2
361 5
229 7
16 1
233 7
296 9
249 4
82 1
198 10
340 8
315 5
400 10
222 7
179 3
256 9
292 2
395 3
485 2
463 10
68 6
436 9
447 8
488 8
385 7
172 2
420 7
238 9
334 5
51 5
87 4
410 6
433 5
422 7
96 8
321 8
22 6
176 1
375 2
78 10
279 3
63 9
80 2
193 3
287 9
272 7
386 1
218 1
211 3
369 6
297 7
419 6
199 1
484 1
7 1
482 4
175 6
60 1
39 5
282 6
328 2
367 6
148 2
144 10
486 4
246 10
221 5
45 1
306 8
392 5
118 1
273 6
389 3
409 6
186 3
466 9
269 10
227 9
425 6
137 9
494 9
268 6
290 4
277 6
345 10
192 3
353 1
470 4
280 10
123 10
9 10
108 9
157 8
182 8
220 6
6 6
111 5
381 10
225 7
124 10
288 1
358 6
72 4
337 5
371 6
396 9
310 6
468 5
311 5
97 1
92 6
239 2
495 5
314 2
11 8
416 3
88 5
40 3
317 10
8 8
241 1
84 4
343 9
374 10
467 9
338 8
475 9
454 3
58 4
99 3
21 4
146 7
171 7
366 4
50 4
117 8
473 7
496 7
151 4
24 4
461 6
432 9
391 8
236 4
212 5
3 9
106 4
348 7
453 9
76 3
126 6
70 7
300 9
81 9
210 6
169 10
406 9
187 1
47 5
481 8
379 1
95 2
438 1
457 4
354 1
217 9
462 7
251 10
190 2
231 9
66 6
202 9
478 3
439 3
339 8
160 8
332 9
390 3
331 9
83 2
54 6
397 9
427 2
365 4
349 8
33 2
318 8
351 4
154 3
147 9
497 2
74 1
56 7
20 6
402 10
341 3
408 2
143 6
271 1
444 10
259 6
261 6
188 1
284 7
380 6
79 2
44 4
260 5
191 8
235 9
114 10
286 5
65 4
132 6
403 4
85 4
163 5
13 8
189 1
326 1
448 8
364 10
184 2
347 1
196 2
93 9
133 6
224 7
274 1
399 1
257 6
127 2
161 5
335 8
465 4
32 3
30 6
170 2
226 9
243 6
404 7
113 2
208 6
49 8
483 10
100 4
135 9
474 8
12 1
194 8
4 7
177 8
492 8
423 6
460 3
415 6
458 3
401 10
230 7
153 10
313 9
48 8
490 8
301 7
352 5
159 8
89 6
336 5
216 5
200 2
128 3
62 6
27 5
156 6
64 7
240 9
42 9
91 3
412 1
309 4
103 2
61 7
434 7
228 7
150 9
428 6
28 4
398 4
368 1
469 10
479 8
120 5
5 1
437 5
73 8
264 2
440 10
131 1
254 10
36 6
302 1
394 10
477 1
382 7
248 8
115 2
152 4
491 8
299 9
456 4
424 6
430 1
455 6
57 3
107 3
112 3
429 1
322 6
134 10
55 9
443 6
145 8
250 8
167 7
183 3
215 7
75 10
17 3
98 4
295 1
140 10
329 6
10 1
25 6
333 9
244 2
291 2
359 3
