183 7
32 3
59 8
112 4
257 4
216 2
311 5
98 5
16 1
15 10
147 3
53 7
109 5
495 8
458 1
461 7
101 7
213 3
70 10
93 10
486 2
325 10
368 2
116 4
34 8
234 1
436 8
33 2
457 10
71 1
487 9
238 6
442 10
48 5
124 8
345 4
85 10
476 2
148 10
290 9
232 8
223 2
181 4
19 1
450 1
380 8
469 2
14 9
218 1
230 2
95 6
332 2
496 7
312 3
129 8
79 9
353 6
441 8
426 10
158 10
247 2
444 7
1 1
323 5
252 2
316 3
483 8
92 6
452 3
340 10
287 7
382 6
26 2
360 10
99 5
149 10
82 8
313 1
219 3
255 9
391 10
468 3
422 6
285 2
122 9
209 2
28 9
233 6
390 7
228 2
291 4
72 9
362 9
133 7
249 7
388 8
67 9
217 7
246 1
119 6
339 5
78 2
139 5
136 9
49 5
466 3
191 9
298 2
430 4
403 4
272 4
170 10
279 7
23 8
276 2
417 9
127 8
286 5
173 1
152 8
477 3
30 2
328 7
376 9
121 1
278 3
55 6
166 4
310 5
377 2
383 5
151 2
364 4
472 5
244 4
202 7
306 10
38 3
381 5
490 8
160 10
415 8
465 5
492 5
397 10
366 1
358 7
471 3
24 9
367 7
305 2
248 9
454 9
484 1
456 2
462 1
423 8
277 8
439 1
445 5
274 10
259 1
186 10
400 5
84 7
318 5
322 7
250 1
105 6
265 1
399 10
433 9
207 7
402 4
199 6
108 9
295 9
137 9
384 2
21 7
262 10
470 5
378 2
47 2
294 4
435 2
363 10
51 3
175 9
140 4
453 4
97 8
180 7
64 2
103 3
356 9
65 1
225 4
374 10
410 4
146 9
488 10
300 10
118 6
161 3
372 7
373 3
40 5
463 5
386 2
172 4
13 4
319 5
354 1
342 7
229 2
473 9
94 9
308 10
104 5
201 10
131 3
392 1
114 4
164 10
56 3
68 2
396 6
267 6
4 1
352 1
154 6
282 2
321 2
242 8
54 4
220 2
113 4
6 8
126 10
60 3
226 6
227 6
130 3
120 7
25 7
134 5
301 2
481 7
498 5
10 9
292 4
480 1
210 6
314 8
421 4
184 10
58 4
208 2
350 6
317 4
138 1
206 10
221 8
66 10
416 3
45 7
204 3
193 5
494 4
17 2
41 6
36 9
296 6
236 2
348 3
281 1
192 9
144 8
467 1
35 2
87 5
427 6
347 6
304 9
269 7
336 10
264 1
235 10
77 1
39 2
297 4
89 4
52 9
275 10
50 7
74 1
493 7
459 10
73 10
329 10
31 9
205 9
263 4
491 6
448 1
163 7
431 10
455 4
100 9
80 10
405 2
357 10
451 3
437 5
428 9
409 7
256 9
90 5
438 6
446 6
203 9
167 1
412 4
239 10
424 5
344 7
198 8
375 7
315 4
81 1
128 5
420 6
338 7
171 8
359 5
289 5
479 2
284 1
254 5
351 3
335 4
460 7
168 9
157 5
320 2
464 10
245 1
324 9
117 10
11 10
443 3
20 9
231 9
334 10
393 3
411 10
76 2
2 10
499 10
326 5
343 8
69 4
5 8
243 9
303 9
42 3
182 9
478 6
449 7
261 7
475 4
401 10
258 4
125 4
497 1
251 4
212 3
8 8
240 10
102 3
196 5
365 3
333 7
179 5
190 10
61 6
107 2
222 7
187 7
188 5
194 4
404 2
266 4
394 8
337 5
195 9
270 7
150 1
273 6
215 1
406 7
474 2
123 7
500 3
96 6
185 4
106 1
330 6
135 6
355 7
299 4
22 9
361 1
224 3
241 5
169 2
407 4
86 3
189 8
349 2
482 8
425 2
379 5
432 6
159 4
385 8
429 5
43 5
288 4
346 4
29 5
414 3
62 1
485 3
12 8
88 6
197 8
434 9
419 9
327 8
280 4
387 4
7 3
27 4
398 3
75 2
165 1
177 6
115 6
176 7
111 8
3 1
143 1
293 6
178 7
162 6
9 10
156 1
271 10
331 7
214 8
37 8
200 8
18 3
489 9
145 2
46 3
237 1
440 4
447 8
408 1
260 2
395 4
268 7
371 10
418 1
309 9
142 4
389 10
