333 5
249 4
194 7
481 9
88 3
267 7
275 6
396 1
298 8
455 3
362 6
383 7
5 6
297 6
129 8
46 8
160 5
302 5
257 7
29 7
25 1
379 5
435 9
178 9
382 7
371 10
312 7
80 1
77 6
173 7
146 5
393 3
456 10
1 1
41 2
123 8
54 8
191 3
465 3
165 8
246 4
487 2
96 9
59 6
293 5
245 6
419 10
282 5
388 9
266 8
9 2
169 4
51 10
250 4
137 6
438 5
115 7
385 8
211 1
61 9
243 5
30 8
6 5
244 8
263 9
107 4
351 10
36 9
287 8
174 8
70 1
11 7
284 4
290 10
444 5
451 7
126 10
273 1
239 9
459 4
186 2
485 3
279 4
437 7
326 2
199 2
162 4
34 7
16 7
252 9
436 2
210 8
58 2
196 7
427 6
337 7
26 7
4 1
251 7
166 10
27 9
498 5
79 7
334 7
37 4
130 1
365 6
192 1
113 2
278 3
366 4
311 6
106 4
117 10
234 10
341 4
45 2
363 4
158 4
434 9
175 9
387 3
422 8
403 2
496 9
100 10
432 3
470 4
141 4
475 3
233 3
358 10
255 6
108 8
411 10
247 1
142 5
491 10
276 10
189 4
253 6
417 7
48 6
426 6
330 10
134 1
280 3
347 5
124 1
399 2
344 7
150 2
314 6
182 9
428 4
408 8
20 1
380 7
205 10
67 10
69 8
38 9
157 3
378 10
201 9
60 6
152 10
76 7
32 6
78 2
161 4
392 1
270 4
3 4
225 4
342 1
413 3
405 8
155 5
360 5
397 3
345 4
220 1
229 8
430 9
221 10
329 2
315 5
89 8
499 1
140 2
66 5
131 4
170 9
179 1
216 6
431 9
458 4
104 5
135 4
143 3
97 9
156 5
7 4
447 8
480 10
98 2
238 3
122 9
217 6
446 6
259 3
15 10
500 7
381 3
398 9
316 7
288 10
261 2
469 9
209 4
319 2
148 3
468 6
374 4
286 9
460 7
415 8
445 1
138 4
121 10
248 2
102 10
206 9
95 2
271 1
103 3
367 1
164 7
171 7
453 5
328 6
494 7
154 4
85 4
299 9
364 4
305 6
50 9
395 9
133 9
473 2
43 2
450 3
212 10
198 4
86 9
479 4
373 1
236 2
421 1
230 9
295 5
202 10
127 4
348 2
457 9
22 8
28 7
44 10
321 10
424 1
39 4
361 6
486 1
429 5
64 6
353 9
153 1
349 6
272 9
74 10
237 3
410 6
354 8
327 4
215 6
495 6
340 7
12 8
23 10
497 6
105 4
145 7
187 8
391 9
355 3
35 5
376 2
277 7
139 10
68 10
320 5
359 4
18 6
