439 2
444 4
452 1
383 6
250 10
431 8
40 2
486 4
216 6
340 10
80 7
103 9
476 7
343 1
286 9
260 9
36 8
327 3
298 1
342 1
169 5
29 1
266 7
364 1
44 9
483 4
41 9
297 9
105 3
242 10
279 5
494 1
348 6
479 5
382 7
363 4
410 2
195 9
478 4
314 3
224 3
223 5
240 5
379 8
401 5
219 4
213 8
87 3
313 1
312 6
455 9
275 2
264 7
211 7
249 6
465 8
143 7
426 3
159 10
300 4
113 5
55 2
482 2
425 4
447 5
114 4
172 6
333 6
14 6
261 2
68 1
414 3
245 10
25 8
258 1
456 6
220 8
157 10
255 6
112 8
267 6
209 9
106 9
433 4
175 7
67 1
485 8
378 4
244 1
459 10
198 6
111 4
168 3
290 2
362 8
155 9
90 9
283 10
353 8
345 4
119 4
392 4
406 6
225 6
188 1
189 6
93 10
287 7
178 8
317 4
146 8
12 4
137 5
13 5
23 6
288 9
77 10
246 9
395 1
466 6
271 6
301 7
413 3
411 3
450 4
437 9
337 3
446 2
3 4
355 2
304 6
57 7
97 7
464 9
376 5
218 1
235 5
320 1
356 4
323 9
497 1
393 3
180 5
332 5
31 2
222 5
309 9
322 8
270 8
174 8
21 8
259 1
421 10
499 10
469 8
185 9
49 9
26 3
132 6
173 7
291 2
163 2
273 1
385 3
154 7
179 9
65 1
467 7
231 6
192 9
449 2
109 2
436 1
19 5
10 9
372 7
316 6
473 7
441 10
17 8
419 8
281 5
30 3
1 4
463 7
278 3
11 10
170 9
122 8
62 1
24 3
221 3
262 8
116 9
488 5
500 2
206 9
294 1
361 3
351 4
208 2
63 4
58 5
352 7
212 10
234 1
94 6
396 8
408 9
61 8
272 4
454 9
83 5
37 9
205 10
42 6
15 5
415 6
107 7
306 6
176 10
79 4
35 1
370 7
310 4
293 7
199 6
303 6
422 6
335 1
380 9
252 2
292 3
130 7
434 10
285 1
89 10
254 1
358 3
88 6
47 5
217 10
339 6
78 10
305 5
27 7
319 9
171 2
366 6
148 6
440 4
307 8
280 6
227 3
448 4
263 9
424 7
32 10
92 1
215 8
202 1
256 10
230 1
233 5
229 4
190 6
329 6
98 7
243 8
338 8
134 5
9 1
124 9
400 1
334 3
237 3
69 5
56 10
125 10
129 10
398 1
315 3
432 4
328 4
438 2
391 9
489 7
207 3
284 3
60 2
75 10
251 4
295 9
135 6
460 10
142 2
28 3
326 4
387 8
99 5
296 10
51 2
161 2
236 4
457 1
498 1
5 5
495 1
477 8
187 1
462 10
458 4
277 7
2 8
197 2
480 8
493 1
84 9
72 9
430 4
6 10
404 8
347 10
165 8
269 6
445 2
59 4
18 2
492 8
384 5
