342 7
107 8
419 4
267 8
430 2
59 5
383 7
457 6
347 5
253 10
25 9
179 8
287 7
134 3
46 10
123 3
99 10
370 2
392 9
434 3
94 3
329 1
8 2
395 2
39 9
340 1
338 5
348 8
397 1
20 5
482 6
150 5
210 10
126 8
60 1
298 8
28 3
136 10
15 8
456 6
193 6
36 5
494 1
359 5
343 4
47 5
303 2
122 4
52 7
91 4
263 10
118 10
10 2
428 8
121 8
256 9
252 9
308 2
289 4
317 5
469 8
291 1
276 4
435 9
37 7
50 2
326 3
321 2
278 3
207 1
19 4
83 10
360 9
248 6
401 5
92 10
215 2
311 2
57 10
280 3
164 9
208 7
406 4
411 8
274 10
296 2
295 10
426 6
261 1
323 1
203 10
368 5
27 2
472 6
462 6
78 4
363 4
30 1
220 10
225 10
133 8
58 5
12 10
371 10
185 9
158 8
286 4
355 5
66 6
350 2
218 3
206 6
201 6
67 5
219 7
238 6
412 8
145 5
241 1
51 4
382 6
84 3
148 1
209 7
488 7
93 6
420 2
55 9
162 9
7 8
410 8
491 2
498 5
176 8
497 1
82 2
260 7
385 8
389 6
11 10
403 5
330 5
404 8
18 3
271 6
362 10
115 5
332 9
106 9
5 2
282 2
101 9
379 4
415 7
442 2
16 1
166 4
87 9
458 1
17 2
443 8
127 7
272 10
192 9
312 4
4 2
124 4
349 10
137 6
327 7
163 2
353 6
297 4
325 9
475 10
316 1
478 10
358 5
450 5
187 7
194 2
441 5
257 9
484 1
197 2
131 8
444 4
79 1
431 9
500 7
305 3
455 5
135 8
445 3
29 6
100 3
77 7
76 9
313 2
254 6
451 10
109 7
237 8
275 8
89 10
496 2
293 6
351 1
483 2
189 7
439 7
224 8
266 6
374 4
288 3
447 9
86 6
438 7
147 9
433 7
167 8
499 10
42 9
142 2
198 8
399 10
262 2
199 2
452 1
211 3
165 4
251 10
68 9
250 1
146 6
481 6
13 7
422 10
190 7
233 9
22 2
48 6
471 7
290 5
195 8
