21 1
242 6
334 8
232 1
82 3
48 9
500 6
361 3
140 3
372 10
379 1
185 7
255 1
225 4
339 10
130 1
53 2
34 6
315 10
40 10
105 4
219 6
290 8
104 2
373 10
103 2
409 2
249 7
340 1
208 4
273 6
9 3
432 4
343 5
66 5
418 5
331 2
61 6
353 8
135 1
262 1
412 10
450 5
149 3
166 2
411 4
296 1
408 8
345 6
287 5
24 8
79 10
332 9
447 1
25 3
471 2
440 1
200 2
363 5
178 3
108 6
416 3
431 5
303 8
316 9
272 4
46 6
270 10
159 2
312 8
157 5
427 3
155 1
399 1
184 6
484 10
437 10
313 7
420 10
281 6
336 2
276 1
445 1
212 10
96 1
288 5
413 1
133 3
20 4
300 10
241 2
359 10
233 5
488 1
365 8
201 8
42 5
117 3
19 3
417 1
464 5
91 5
320 9
335 3
289 4
131 9
358 3
394 4
81 10
247 3
457 6
451 9
148 8
325 7
151 6
171 9
220 4
386 2
150 4
485 10
16 10
121 6
449 10
134 4
442 10
69 5
12 7
28 10
120 8
371 3
491 8
298 4
235 3
67 8
368 4
194 6
152 5
498 1
366 10
259 9
478 3
216 5
376 5
422 8
90 8
158 6
190 7
18 7
44 4
261 7
211 7
302 10
162 3
487 10
128 10
147 7
64 2
17 1
183 2
472 8
33 2
153 7
456 10
467 10
360 8
107 5
167 6
463 2
119 4
170 6
337 8
27 6
106 9
35 9
489 3
265 2
474 2
62 9
197 2
65 9
426 9
172 1
109 2
139 4
101 9
434 5
137 7
425 4
122 9
453 3
75 1
86 7
258 2
164 8
206 4
202 4
99 2
333 4
193 3
226 10
455 6
14 1
129 9
5 5
160 6
181 3
305 2
278 7
126 4
385 4
95 4
253 6
36 9
299 8
398 10
328 7
419 9
41 6
364 4
173 7
441 8
435 6
4 6
347 10
94 5
115 8
284 7
375 7
436 7
236 5
252 7
136 10
476 6
1 1
346 10
407 2
191 7
230 2
458 8
496 4
283 7
459 7
293 3
114 4
229 2
452 6
318 5
89 6
369 8
56 6
266 4
414 2
10 8
244 8
192 5
145 4
317 9
415 2
271 4
88 5
492 10
165 7
490 4
240 9
402 2
483 8
286 1
177 1
60 5
72 2
341 9
22 7
92 5
430 3
142 6
163 2
428 4
309 6
23 5
38 7
295 3
433 3
479 10
112 8
199 8
319 5
116 8
204 8
355 2
480 1
405 5
304 1
389 7
250 2
49 2
277 8
50 8
462 10
404 3
213 8
198 8
161 5
54 1
264 8
7 5
84 5
327 6
397 1
291 9
156 9
239 8
388 7
52 8
310 10
268 1
301 5
78 3
31 5
125 1
357 1
356 5
396 7
176 4
175 3
367 6
421 8
97 2
292 9
439 5
243 10
174 1
215 2
499 6
263 8
324 4
311 8
382 2
473 2
238 10
377 1
260 8
169 7
143 9
30 1
227 9
127 4
465 8
307 2
218 10
2 3
475 10
460 3
497 9
294 3
214 4
486 1
423 6
195 4
248 10
8 3
493 2
279 3
102 8
188 1
391 8
80 1
51 8
351 2
87 10
285 1
370 9
378 10
275 9
182 1
438 6
74 9
189 5
205 1
57 9
429 3
207 2
168 2
180 7
454 1
254 10
39 8
111 8
446 3
32 1
70 6
380 3
374 7
228 5
470 2
3 1
29 1
251 6
323 8
494 8
267 4
381 7
321 10
26 4
395 4
55 6
85 6
338 8
141 10
45 8
154 6
144 9
308 3
83 6
68 3
179 6
73 6
203 1
6 5
384 7
477 5
186 1
392 8
59 4
306 6
71 7
209 5
282 7
113 2
482 8
443 4
222 7
461 5
269 6
383 7
424 4
100 7
322 4
400 7
297 10
221 6
245 5
13 4
76 8
77 1
210 9
118 6
469 8
495 1
224 9
354 6
231 9
110 4
393 9
237 1
349 7
15 9
326 9
47 3
274 3
444 4
344 7
481 5
410 7
146 8
37 10
246 7
223 6
350 8
280 4
352 2
132 2
403 1
342 5
257 3
124 5
448 7
406 9
390 9
387 7
63 5
93 10
401 5
329 7
234 8
217 4
468 1
314 3
98 2
43 3
256 5
