22 1
245 3
140 7
466 4
43 4
192 7
203 5
254 2
154 3
99 4
186 7
225 9
287 10
399 2
285 10
224 2
270 6
190 4
146 9
382 3
39 10
94 5
318 10
221 4
366 5
282 6
75 1
153 7
321 3
51 8
470 5
452 4
451 4
423 3
379 8
261 10
361 8
31 6
454 9
239 10
371 3
344 4
1 4
372 7
446 1
220 1
170 8
393 5
283 5
34 5
171 6
120 8
420 6
217 9
485 2
33 3
181 4
347 9
337 7
135 1
247 5
436 9
167 1
370 10
461 7
103 4
55 3
168 6
457 6
115 5
342 7
204 6
408 7
243 1
242 7
403 4
322 7
499 10
109 5
231 9
355 6
376 10
272 4
307 6
427 1
483 9
418 6
493 4
490 3
330 3
80 3
433 10
12 1
44 4
71 2
29 4
216 3
453 4
305 9
105 10
352 8
332 9
284 10
424 7
106 5
201 7
177 4
41 4
219 8
84 7
137 5
465 5
491 4
90 5
226 2
442 1
278 10
166 7
218 8
394 8
21 9
252 10
290 10
296 5
277 9
392 8
27 8
497 1
173 6
195 1
187 6
488 4
297 2
101 10
348 4
48 3
133 1
383 8
388 6
237 6
428 8
422 7
5 8
97 1
123 4
280 7
222 10
477 5
467 9
326 4
60 10
346 1
351 3
23 10
415 10
250 6
169 5
334 5
269 6
373 10
341 1
89 1
302 8
289 7
480 6
26 2
336 3
182 2
435 9
320 4
500 1
30 8
2 9
304 5
125 9
42 4
151 7
156 10
429 5
375 9
325 1
486 1
93 1
10 10
62 6
49 3
248 3
426 5
67 3
447 2
118 9
253 7
267 6
407 3
266 6
73 3
17 7
152 3
249 3
319 9
56 2
333 5
19 3
130 6
374 5
235 7
77 5
95 5
310 6
268 9
98 9
368 7
46 9
369 8
471 4
47 2
439 4
275 1
455 10
57 1
164 1
134 8
129 5
449 9
338 1
492 7
131 10
350 8
227 2
91 6
299 8
197 1
313 6
316 7
398 5
174 5
6 3
387 5
323 10
158 2
412 4
314 3
139 8
246 5
395 7
400 6
104 3
191 1
124 8
138 3
357 1
159 9
188 3
215 6
148 8
205 1
108 1
430 9
184 4
122 9
127 5
259 8
82 10
421 6
450 3
107 5
102 10
141 3
238 10
458 10
356 7
113 6
419 4
295 10
145 3
308 10
411 8
15 5
185 2
291 3
40 2
367 7
199 8
143 8
198 4
87 3
230 3
183 1
389 4
300 3
8 1
444 4
68 9
298 3
209 2
234 1
363 8
96 9
431 2
349 2
288 8
472 8
251 1
150 8
260 7
331 8
440 6
329 4
11 2
65 3
469 4
445 5
494 7
405 1
88 9
16 7
281 8
476 3
396 1
354 10
381 6
74 7
306 8
487 7
175 6
303 1
294 3
482 5
165 4
114 1
45 5
315 2
397 6
223 4
128 6
312 10
311 5
276 2
343 2
212 1
438 8
64 2
61 6
460 1
240 2
193 3
256 6
414 7
112 6
35 5
59 8
206 7
179 6
9 5
489 1
301 6
345 2
456 9
202 5
271 7
409 7
117 8
335 6
377 10
244 9
172 5
390 8
292 1
213 7
286 9
273 9
479 6
324 8
155 10
279 2
