103 1
377 6
299 10
178 1
324 9
432 8
407 8
6 4
194 6
376 7
84 2
434 10
470 2
207 2
165 6
46 3
326 9
435 7
410 9
77 1
280 7
307 6
218 3
492 10
418 3
79 8
438 9
237 10
347 5
88 6
379 8
37 5
96 9
482 6
205 3
190 4
166 5
446 8
211 5
293 9
467 6
283 2
44 5
23 2
454 6
498 3
179 3
449 8
424 7
471 1
389 10
214 9
349 4
86 1
106 7
319 3
262 1
241 3
250 10
333 1
50 5
330 1
20 4
226 10
28 8
288 6
123 3
60 7
396 10
206 5
348 1
380 9
412 6
97 3
29 10
156 6
124 2
332 4
160 6
268 2
273 2
258 7
309 9
416 1
100 5
177 7
296 9
383 2
85 2
188 10
22 5
74 10
287 9
255 1
162 1
45 5
73 1
406 5
164 7
290 4
335 8
442 10
252 10
269 4
95 8
143 3
98 10
314 5
315 2
488 3
304 8
213 5
491 8
193 1
150 7
132 2
105 10
489 10
158 7
364 3
224 2
39 2
322 3
51 1
227 6
145 4
13 1
204 10
49 2
14 2
476 9
373 5
93 8
413 3
152 6
34 7
308 8
245 4
422 7
198 10
12 5
301 10
444 4
358 6
344 2
172 8
485 1
417 2
385 10
94 4
257 3
303 10
239 1
369 8
254 2
261 9
171 6
455 8
90 3
428 2
311 2
343 9
305 8
477 9
53 7
99 9
437 6
219 10
386 3
201 9
256 7
134 6
242 10
196 5
116 5
109 1
232 8
91 5
345 1
282 3
139 6
266 3
200 9
375 5
362 2
451 1
494 6
297 5
159 10
225 10
461 8
191 10
210 5
325 3
9 7
174 9
408 2
52 6
82 8
112 3
278 5
155 1
249 6
234 6
363 8
4 8
233 6
192 2
57 7
411 3
294 8
32 4
107 7
353 1
8 2
5 2
127 2
137 1
135 10
231 6
260 3
275 1
361 4
65 7
320 6
184 4
392 6
459 6
328 9
111 9
484 6
215 9
122 5
384 7
54 1
235 4
279 1
387 7
115 9
69 10
284 6
246 5
264 8
374 4
453 10
473 4
393 8
208 2
286 9
400 1
366 9
78 3
267 10
133 3
480 9
427 7
217 9
475 2
372 1
357 9
340 9
120 2
131 4
185 6
63 7
125 4
285 1
170 6
189 6
220 3
452 3
183 1
378 3
259 4
35 1
222 6
141 8
216 8
187 3
472 4
458 6
341 6
221 9
306 4
443 8
30 9
493 6
169 8
244 2
421 10
68 3
148 4
439 1
42 10
469 4
186 5
66 4
276 10
370 3
240 9
119 6
130 8
25 2
331 9
43 7
