119 10
127 9
134 1
62 7
138 8
100 1
154 8
158 2
150 5
120 2
118 8
43 2
31 2
48 3
104 10
55 5
107 3
180 5
182 5
168 1
163 6
1 10
147 7
167 2
45 10
145 1
7 10
82 6
88 2
113 3
10 1
169 6
20 5
75 7
40 10
13 1
94 7
188 2
177 8
85 1
190 8
197 10
194 7
86 7
160 8
42 5
142 7
117 6
103 5
4 10
59 8
116 9
112 9
200 1
137 3
141 8
159 3
155 2
144 6
54 2
129 2
148 9
34 6
30 10
3 5
198 1
68 4
17 6
96 1
123 2
63 4
174 9
72 9
16 10
12 3
26 6
193 2
170 1
139 1
84 8
91 10
108 9
33 8
38 7
22 3
92 10
124 10
56 1
106 3
51 2
165 4
80 2
70 3
27 4
53 2
172 9
39 4
61 9
98 9
37 8
19 2
93 2
76 8
122 7
41 6
164 6
156 5
66 1
2 5
58 4
132 4
74 3
65 8
95 3
109 8
9 9
143 8
24 7
