82 9
1 2
122 7
26 8
172 3
24 1
45 10
200 6
160 8
120 6
94 1
198 4
154 6
128 5
195 9
156 9
130 3
159 8
79 4
20 4
129 10
15 7
34 3
184 2
65 2
14 9
179 3
75 9
6 4
145 4
182 3
97 1
66 3
100 9
199 10
78 9
136 8
163 2
185 7
157 10
86 3
167 8
146 10
36 9
32 4
189 8
31 3
44 10
151 1
190 9
28 9
63 1
117 5
91 3
187 4
33 7
140 9
68 6
54 6
181 5
93 8
164 5
153 1
5 4
135 5
183 4
99 1
70 7
165 4
171 3
112 9
88 7
173 4
147 10
25 2
52 2
105 2
67 9
35 2
84 1
166 10
38 2
21 10
87 7
47 9
192 7
96 3
98 8
7 6
73 9
77 7
108 9
56 8
178 2
150 10
188 5
62 2
106 6
115 9
37 4
125 3
101 5
55 1
58 9
170 7
51 7
4 2
180 6
23 8
123 6
104 6
29 4
139 8
111 1
69 6
158 6
80 6
103 7
41 4
131 3
18 5
176 2
76 7
9 5
22 5
42 2
40 5
138 7
191 6
148 6
71 2
64 10
61 8
134 10
143 6
114 4
95 3
46 4
89 8
2 1
39 3
60 2
161 9
10 5
174 5
81 2
59 3
74 10
119 5
144 1
124 9
162 9
12 9
19 1
194 1
48 1
85 3
118 1
116 3
49 2
110 3
113 6
109 10
50 3
141 8
16 3
30 10
133 4
