85 8
17 7
93 8
41 3
140 8
110 3
34 6
13 9
47 8
95 2
144 10
199 6
14 4
147 3
178 3
101 4
22 8
167 10
112 4
25 5
115 9
173 1
92 10
75 8
21 5
2 9
183 1
163 5
60 4
168 2
77 1
123 3
23 8
27 10
114 8
26 5
200 2
38 7
196 4
181 4
185 3
71 1
135 5
31 9
35 4
180 7
84 8
189 7
169 10
195 2
133 8
56 7
127 8
158 2
6 10
30 7
28 2
33 6
69 2
96 2
149 2
143 6
131 1
45 5
90 1
120 3
134 7
97 7
73 3
48 5
124 2
57 4
141 6
52 9
177 9
129 2
51 6
119 3
8 6
171 4
157 9
170 5
29 2
155 2
50 9
82 6
91 6
66 1
175 2
53 10
44 1
160 4
102 9
62 3
42 2
148 7
166 3
109 8
63 10
32 7
191 3
188 3
20 3
55 5
165 9
128 2
198 9
194 1
150 3
146 6
88 4
118 2
40 9
74 4
152 2
162 1
104 1
89 2
24 5
111 9
130 3
100 4
18 2
9 4
116 1
151 5
187 5
159 3
68 4
61 8
193 1
125 9
136 2
94 4
179 9
11 4
121 8
81 3
54 3
186 7
19 4
156 2
117 7
43 4
15 5
164 7
1 7
49 10
86 1
16 6
7 7
10 1
153 3
176 9
113 3
36 1
70 7
79 4
3 10
132 10
192 3
145 8
174 6
78 3
107 7
106 10
139 10
83 7
105 8
108 10
37 5
138 7
184 8
154 10
46 6
39 6
126 5
59 7
58 2
80 2
87 8
64 7
5 5
142 5
