11 6
38 3
50 4
191 5
113 7
82 2
7 2
183 7
74 9
104 8
100 3
177 4
62 3
98 5
184 2
79 2
103 6
135 9
40 4
144 7
187 5
73 2
142 9
118 10
88 7
41 3
47 7
53 8
120 3
114 8
127 10
17 10
143 7
192 10
67 5
48 5
12 8
21 5
31 2
176 2
1 6
4 8
160 4
163 10
36 9
185 1
84 3
166 3
52 8
57 5
136 3
35 3
197 3
170 6
109 1
9 8
194 3
23 3
95 6
77 3
196 8
110 3
182 5
55 2
178 10
64 6
18 9
25 10
28 7
148 6
154 3
147 5
165 8
19 1
96 10
24 5
198 5
99 10
44 2
59 1
92 10
137 4
71 8
153 7
76 2
49 2
180 2
5 3
193 5
164 1
80 9
123 1
186 7
83 6
129 2
140 4
15 2
188 4
29 7
97 4
