122 6
29 5
176 4
185 10
64 4
177 7
184 10
58 4
12 1
155 6
94 5
60 1
130 3
121 9
44 8
162 7
137 2
24 1
45 10
69 3
159 7
135 4
183 8
131 4
14 3
85 7
3 8
56 8
112 9
50 6
92 1
200 2
46 4
80 3
5 5
154 9
73 7
61 2
18 7
126 10
143 7
140 3
107 3
16 3
7 5
152 3
110 2
149 10
36 1
52 1
90 9
175 8
27 5
150 8
189 10
43 1
51 2
49 5
182 8
84 5
178 10
102 5
81 9
71 8
141 1
17 7
2 4
106 3
128 2
180 8
157 6
139 2
31 5
161 2
163 1
138 1
76 8
23 8
1 9
181 3
195 7
174 9
194 8
132 5
133 7
197 2
192 8
144 2
187 1
116 9
74 7
42 8
171 7
25 7
47 2
78 10
67 2
199 5
48 6
169 7
62 7
91 5
125 9
13 10
99 5
191 6
70 7
35 8
148 2
93 2
82 9
66 2
111 5
40 2
167 5
104 5
19 8
179 3
26 7
15 4
158 4
34 3
97 8
9 4
8 8
196 9
65 3
100 8
95 10
32 1
193 3
6 2
96 6
129 9
156 8
86 4
136 7
21 7
72 3
146 3
170 3
101 7
88 2
113 4
105 5
39 3
108 9
142 10
134 10
37 7
127 8
79 10
168 2
33 9
38 2
77 5
89 10
147 4
164 8
120 3
87 6
198 7
114 7
165 1
118 7
20 2
