7 10
119 9
66 7
95 5
139 2
17 4
1 8
3 10
14 1
32 7
11 8
137 6
147 8
157 5
141 5
94 3
68 6
85 7
118 3
155 10
73 2
44 2
172 10
80 8
29 10
193 8
134 6
34 7
10 5
197 1
48 2
65 5
194 7
52 10
195 3
5 6
136 1
126 5
30 3
81 8
51 10
70 5
165 6
116 9
161 4
92 5
127 1
6 10
131 10
198 7
138 10
107 2
108 9
87 4
18 2
129 3
27 3
38 6
50 9
130 4
150 6
84 4
159 10
191 2
45 6
153 2
79 5
76 8
89 10
36 7
174 10
121 9
71 2
39 6
53 10
78 5
101 4
169 2
21 4
188 5
171 1
83 9
54 4
4 7
160 7
125 9
91 3
20 9
120 3
9 4
69 2
42 9
113 7
132 2
154 10
181 6
56 7
63 6
200 9
158 1
170 9
96 5
164 7
187 5
46 3
67 10
124 3
175 10
