65 2
80 9
83 10
155 2
195 5
106 8
111 9
141 5
50 5
2 6
156 4
183 8
154 6
169 2
17 3
121 8
147 5
151 3
191 4
153 4
165 9
12 5
29 10
135 2
178 7
192 8
180 10
3 6
198 2
26 5
66 7
46 5
100 10
113 7
123 8
189 7
40 7
86 3
199 5
76 3
130 5
172 4
184 6
162 6
196 9
64 3
182 2
43 1
96 9
132 9
34 2
63 7
68 7
31 9
77 6
136 1
190 4
188 2
48 2
129 8
193 5
78 6
179 3
45 10
74 8
161 6
138 10
131 1
174 2
93 3
125 10
109 4
159 9
139 9
19 10
47 7
57 5
97 3
11 9
160 6
71 4
79 3
142 3
20 5
73 9
185 1
140 7
146 5
116 2
105 6
176 8
112 9
168 6
145 6
37 9
36 7
23 8
98 4
8 4
181 2
187 7
84 1
134 3
114 6
