132 2
181 2
200 1
71 8
104 9
197 3
34 8
84 10
52 5
146 5
127 3
199 1
29 8
92 9
178 7
189 1
11 3
55 4
193 5
169 5
67 6
194 1
167 6
27 7
179 7
182 6
112 9
75 6
35 8
78 9
113 6
66 3
69 9
133 2
172 8
186 4
37 9
122 6
87 3
159 5
108 9
15 6
63 6
18 6
79 8
1 8
156 2
99 4
56 3
68 10
143 8
114 2
64 3
165 3
134 2
124 7
198 9
98 5
103 10
49 1
31 8
90 1
33 7
131 5
195 3
155 3
60 1
46 5
88 10
152 2
135 7
8 7
161 1
93 3
91 7
14 9
102 1
83 2
166 8
42 9
51 10
95 3
149 9
144 7
72 5
120 3
82 10
12 3
174 8
16 4
185 6
139 8
13 7
5 3
